00111011010010110
10011111100010100
10011010111000011
10011111110101011
01011001111011010
11011111010010010
11101101010001010
01101011110000000
01111111011000000
11011101010101000
00110101110101001
10111011010010100
00110101011000100
10101101111010010
00011001111000110
11001011110010001
11111001010000011
01111101110101110
11011010111001110
10101111011101010
10101101111011100
11011111110000010
11011101110010111
01111101110111110
01011101111001001
10011001110100110
01111101110000000
01011111110100101
11011001111000100
10010001111011111
00111001110001111
11111001111001101
10011111111101001
01101111000000100
01001001110000011
01011100111000010
01101001110001101
10011001110001010
01101100010001010
10001111000011001
11001111010001101
01110111010001110
10111101110010111
11001001110010101
11011101110001110
01111101111011110
11111001110101010
01001011111001100
01110101110011101
01110101110011100
11001111111100100
01101101110010101
11111011111001110
11101101111000110
11110101111001001
11101001111000101
01111111010101101
11111001110000011
01111101111010001
01010000110100111
11101111110011011
00111101111000101
11111101111011110
00011101110110100
11100011100000011
01001101110011110
01101101111101101
01110001110111110
11011101111000011
11111101110010101
01000011111001101
11011101011101111
01011111111000011
11001111000010100
11110101111010111
11011101110000101
01011101111010110
01011101110110100
10111111111011101
11101101010010110
01011111110000100
01011001110001110
01111011110010100
11111101110001001
00111111111111101
11011101010101100
01010001110111001
11011101010000011
01111111011000011
01110111110001111
01101011110011101
11101101110001101
11111011110000100
00011100011001110
01111011110011101
00011001110010001
01100101111010010
01101101111010100
00011101110001100
11010111110010001
10010001111011101
11111101010001101
11011111011000100
11011101011001011
11110001110111100
00000001010011101
11111101110011111
00011101111010001
11011101110110001
10101101111010101
11111111110000110
01101001110001100
11110101110100111
01100011111000010
00110111110111010
10111101110000101
10011101110100011
11101001010010100
11110111011011100
01100101110000101
00101101010111110
10111001010001011
10011001111101100
01011111011001110
01111101001011000
11011101100001111
11111111111000010
10101111110000101
00011111110010000
01001101110100110
11010111110001000
11111111110000100
00110111110010101
01111111100101100
11110110111100100
11011110011000000
11011001111100100
11111011010110011
01101111110000100
10111001111010010
00111011010001111
11111111110001011
11011011010010100
01010101010011000
10010101111011001
01111101011011110
01000110110100110
11010011110010101
00100001010101001
11011101111001100
01101011011000101
00011011110001111
11110111111110001
10111110111010110
01100101011011000
01011101110000001
01011111111010010
10110001110000110
01110101110000100
01010101110001011
01111001101010010
01110111011010111
10011111111111001
11110011110001001
11110111111011000
01011111111110100
01001111111101100
11001111110001101
01011111110111100
01011100111010001
10001001110011000
11011101111000010
00001101111101111
11111111011001001
01010101111001001
01000101001100011
01000001111001000
00111101110001101
11110101110001011
01111001111000001
01101111110000111
01001101111011101
00011101111000101
01101000110011100
00101101110001011
01101101111011110
10111101110101001
10001111110001110
11111101011111101
01011111111001101
11110100010011001
01111111111000111
11000101110000100
01001111110010101
00110101011000100
10110101111001111
00001101110001101
01111111110010101
01001101010100011
10010101111001110
11000111111010010
11010001101111000
00101101111001001
11010101010011101
10101101110000001
11101001010001101
11001111110011001
11011111110000111
11010101110101100
10111111010000001
11100101110101101
11011011110001101
01011111110001011
01001101110001101
10011101111011101
01011111010001011
10011111110011111
11111101111111000
00001001010010010
11000001100100011
10001011110000001
01101011011111111
11011101110110010
00111111010111011
01010101110010101
01011101111000001
11010011011001110
11011001010001101
11110111010000100
11111001111000011
11011111110001101
11011111110100000
00001101111100100
01011111111000111
01001111111100110
01110101111001101
11011011111001001
10010101111010001
01111101111110001
11011101111100001
01101101111000110
00111111111000010
11010101111000111
00111101011101101
01011001111001101
11110111110100101
10011101110000010
11111101110001001
11111101011000110
00010101110111100
11101011110110101
01011111111000011
11111101110001010
01111001100010111
01011111111100111
10001101011000100
00011011101001101
01001111111010100
01010111011001001
11011101111001101
00111111011011010
01001011111110001
01100101011000011
11010101010000100
11111001110001110
01011111011001010
11100111110001110
10110100111000100
11111011111111110
01101101100010101
01011001111000011
01011111110111110
10011101110001111
01101101010000100
00110101010001001
10111101110001100
11001111111011000
11111111011000101
00111011111001100
11101111110101000
11001101110011101
11111101110100110
11011110011001011
11011011110011101
01011010110000100
01011101110001010
01111001111010000
10011111110000101
01111001011001111
11001111110000100
11111010110001111
11101001111010000
01110111111100101
11101001101101101
00111101110000101
11111111110001101
01101101111101100
11101111110010111
11010111111000110
10011101110000101
11101101010000101
01011101111001101
01011111011111111
11011001111000101
00001111111001111
01101110110111111
10011111111100001
10001011111000100
11111101111101111
11001101011111110
11101101010100100
00001101110001100
01101011111101010
11000111010001001
11001010110101001
01001001110001001
11101011011111111
11010001011011111
11010101110100100
11111101111001001
11111001110010111
01011110010100010
01011111110000001
01100111110000101
11011101111011011
11011101011001101
11010111110001110
11011001111010100
00111011110001100
10011111110010001
11111101111000110
11111011010010011
01101101110011110
11111111111101000
01000001111110111
11110110111000110
00111011111000010
11111001011001100
11111101110001101
01000101110000100
01011101111000000
11011101111001101
11011011111100001
11111101010000111
11111011011011100
01110111110010110
10101111110100101
01111111111001110
11011101111001100
01010101111100101
01011101011100011
11111111110010110
01111101101010101
10111111110101010
11101101111000001
01111101011101000
00011011110011111
00101101010100111
11001111110011111
11001000010011101
11111011111010110
10111101110000110
01011001110011111
11011101111000110
11010001111001001
01110101000011111
01011101111001101
11111101100011001
11101101011000101
11100001111100100
01100001011010111
01101101100010100
01011111111011101
01111111110000111
01101101111001110
01011111111011111
10011101010000110
11011101110010111
11101101111000001
01011101110011110
11011001111100010
11111111110010100
10001101110010110
11011001111001010
11110101110101110
10011001011110010
11101101011001011
11001111110000001
11011101011111000
11101001011011111
11011011110000101
01001001010010110
01111111011100111
01011111011001100
11001111110011111
00011101110011111
01001101111110110
11011001110111000
11000101110111100
10011101111100001
11100111110001101
11000101111011101
01101101111010001
01111100011000110
01011001010100111
11101111111000111
10101001110011101
11011101110001111
01011001011000111
11010111111001100
11011101110001000
00011011110010011
11111111110011101
01011101111001101
10001101111010111
01110011111001101
01111111110010111
10010100110001110
11001101111100111
01111101011100000
10100101110000011
00111101110001000
00010000111001110
11011101111001101
01011101110001001
11111010010001101
10011101110001111
01011101110110110
11101011111101100
11111101111001001
01110111000110011
11111111111000000
11001101111110101
01111001110100001
01111101110001100
01101111110010111
11110001011000110
11101101111011001
00111011010010110
00011111010000011
11011101101000110
01101001110001010
11110111110110111
11011001111000111
01011101111001100
01011111111001110
01101111110001100
00011111111000010
01011101111011100
01110111111001000
11111010110011101
00011111101010001
00011101111000100
01011111110000000
00111101111011100
01111111110001000
00111111110001101
00111000111101000
11111111111011111
01111011111010011
01111111101000101
11011101011001101
10111111111010100
11011111011011111
00011111111000101
01010101110111011
01100100110000110
00001111111011110
11011011101011011
10111101110100001
10011011110000111
01101011111011110
11001111001001110
11001111111000100
11111110110001001
01111011111111101
11101011010001100
10001111110001111
11011101110110111
01011011111011101
11111101110100110
11111101110101100
00100101011000101
01111101111000111
10000001110011001
00011111111100000
10111101110001011
01011101011101001
10001111111100010
11001001111001101
00001011110011100
10011111011001011
11111111011101101
01011100011010101
01001101111001011
11011111111110011
11011101110101100
11011101111001011
01111101111011101
10101101111001111
00111011010010110
10011111100010100
10011010111000011
10011111110101011
01011001111011010
11011111010010011
11101101010001010
01101011110000000
01111111011000000
11011101010101000
00110101110101001
10111011010010100
00110101011000100
10101101111010010
00011001111000110
11001011110010000
11111001010000011
01111101110101111
11011010111001110
10101111011101010
10101101111011100
11011111110000010
11011101110010111
01111101110111110
01011101111001001
10011001110100110
01111101110000000
01011111110100101
11011001111000100
10010001111011111
00111001110001111
11111001111001101
10011111111101001
01101111000000100
01001001110000011
01011100111000010
01101001110001101
10011001110001010
01101100010001010
10001111000011001
11001111010001101
01110111010001110
10111101110010111
11001001110010101
11011101110001111
01111101111011110
11111001110101010
01001011111001100
01110101110011101
01001011111011101
11001111111100100
01101101110010101
11111011111001110
11101101111000110
11110101111001001
11101001111000101
01111111010101101
11111001110000011
01111101111010001
01010000110100111
11101111110011011
00111101111000101
11111101111011110
00011101110110100
11100011100000011
01001101110011110
01101101111101101
01110001110111110
11011101111000011
11111101110010101
01000011111001101
11011101011101111
01011111111000011
11001111000010100
11110101111010111
11011101110000101
01011101111010110
01011101110110100
10111111111011101
11101101010010110
01011111110000100
01011001110001110
01111011110010100
11111101110001001
00111111111111101
11011101010101100
01010001110111001
11011101010000011
01111111011000011
01110111110001111
01101011110011101
11101101110001101
11111011110000100
00011100011001110
01111011110011101
00011001110010001
01100101111010010
01101101111010100
00011101110001100
11010111110010001
10010001111011101
11111101010001101
11011111011000100
11011101011001011
11110001110111100
00000001010011101
11111101110011111
00011101111010001
11011101110110001
10101101111010101
11111111110000110
01101001110001100
11110101110100111
01100011111000010
00110111110111010
10111101110000101
10011101110100011
11101001010010100
11110111011011100
01100101110000101
00101101010111110
10111001010001011
10011001111101100
01011111011001110
01111101001011000
11011101100001111
11111111111000010
10101111110000101
00011111110010000
01001101110100110
11010111110001000
11111111110000100
00110111110010101
01111111100101100
11110110111100100
11011110011000000
11011001111100100
11111011010110011
01101111110000100
10111001111010010
00111011010001111
11111111110001011
11011011010010100
01010101010011000
10010101111011001
01111101011011110
01000110110100110
11010011110010101
00100001010101001
11011101111001100
01101011011000101
00011011110001111
11110111111110001
10111110111010110
01100101011011000
01011101110000001
01011111111010010
10110001110000110
01110101110000100
01010101110001011
01111001101010010
01110111011010111
10011111111111001
11110011110001001
11110111111011000
01011111111110100
01001111111101100
11001111110001101
01011111110111100
01011100111010001
10001001110011000
11011101111000010
00001101111101111
11111111011001001
01010101111001001
01000101001100011
01000001111001000
00111101110001101
11110101110001011
01111001111000001
01101111110000111
01001101111011101
00011101111000101
01101000110011100
00101101110001011
01101101111011110
10111101110101001
10001111110001110
11111101011111101
01011111111001101
11110100010011001
01111111111000111
11000101110000100
01001111110010101
00110101011000100
10110101111001111
00001101110001101
01111111110010101
01001101010100011
10010101111001110
11000111111010010
11010001101111000
00101101111001001
11010101010011101
10101101110000001
11101001010001101
11001111110011001
11011111110000111
11010101110101100
10111111010000001
11100101110101101
11011011110001101
01011111110001011
01001101110001101
10011101111011101
01011111010001011
10011111110011111
11111101111111000
00001001010010010
11000001100100011
10001011110000001
01101011011111111
11011101110110010
00111111010111011
01010101110010101
01011101111000001
11010011011001110
11011001010001101
11110111010000100
11111001111000011
11011111110001101
11011111110100000
00001101111100100
01011111111000111
01001111111100110
01110101111001101
11011011111001001
10010101111010001
01111101111110001
11011101111100001
01101101111000110
00111111111000010
11010101111000111
00111101011101101
01011001111001101
11110111110100101
10011101110000010
11111101110001001
11111101011000110
00010101110111100
11101011110110101
01011111111000011
11111101110001010
01111001100010111
01011111111100111
10001101011000100
00011011101001101
01001111111010100
01010111011001001
11011101111001101
00111111011011010
01001011111110001
01100101011000011
11010101010000100
11111001110001110
01011111011001010
11100111110001110
10110100111000100
11111011111111110
01101101100010101
01011001111000011
01011111110111110
10011101110001111
01101101010000100
00110101010001001
10111101110001100
11001111111011000
11111111011000101
00111011111001100
11101111110101000
11001101110011101
11111101110100110
11011110011001011
11011011110011101
01011010110000100
01011101110001010
01111001111010000
10011111110000101
01111001011001111
11001111110000100
11111010110001111
11101001111010000
01110111111100101
11101001101101101
00111101110000101
11111111110001101
01101101111101100
11101111110010111
11010111111000110
10011101110000101
11101101010000101
01011101111001101
01011111011111111
11011001111000101
00001111111001111
01101110110111111
10011111111100001
10001011111000100
11111101111101111
11001101011111110
11101101010100100
00001101110001100
01101011111101010
11000111010001001
11001010110101001
01001001110001001
11101011011111111
11010001011011111
11010101110100100
11111101111001001
11111001110010111
01011110010100010
01011111110000001
01100111110000101
11011101111011011
11011101011001101
11010111110001110
11011001111010100
00111011110001100
10011111110010001
11111101111000110
11111011010010011
01101101110011110
11111111111101000
01000001111110111
11110110111000110
00111011111000010
11111001011001100
11111101110001101
01000101110000100
01011101111000000
11011101111001101
11011011111100001
11111101010000111
11111011011011100
01110111110010110
10101111110100101
01111111111001110
11011101111001100
01010101111100101
01011101011100011
11111111110010110
01111101101010101
10111111110101010
11101101111000001
01111101011101000
00011011110011111
00101101010100111
11001111110011111
11001000010011101
11111011111010110
10111101110000110
01011001110011111
11011101111000110
11010001111001001
01110101000011111
01011101111001101
11111101100011001
11101101011000101
11100001111100100
01100001011010111
01101101100010100
01011111111011101
01111111110000111
01101101111001110
01011111111011111
10011101010000110
11011101110010111
11101101111000001
01011101110011110
11011001111100010
11111111110010100
10001101110010110
11011001111001010
11110101110101110
10011001011110010
11101101011001011
11001111110000001
11011101011111000
11101001011011111
11011011110000101
01001001010010110
01111111011100111
01011111011001100
11001111110011111
00011101110011111
01001101111110110
11011001110111000
11000101110111100
10011101111100001
11100111110001101
11000101111011101
01101101111010001
01111100011000110
01011001010100111
11101111111000111
10101001110011101
11011101110001111
01011001011000111
11010111111001100
11011101110001000
00011011110010011
11111111110011101
01011101111001101
10001101111010111
01110011111001101
01111111110010111
10010100110001110
11001101111100111
01111101011100000
10100101110000011
00111101110001000
00010000111001110
11011101111001101
01011101110001001
11111010010001101
10011101110001111
01011101110110110
11101011111101100
11111101111001001
01110111000110011
11111111111000000
11001101111110101
01111001110100001
01111101110001100
01101111110010111
11110001011000110
11101101111011001
00111011010010110
00011111010000011
11011101101000110
01101001110001010
11110111110110111
11011001111000111
01011101111001100
01011111111001110
01101111110001100
00011111111000010
01011101111011100
01110111111001000
11111010110011101
00011111101010001
00011101111000100
01011111110000000
00111101111011100
01111111110001000
00111111110001101
00111000111101000
11111111111011111
01111011111010011
01111111101000101
11011101011001101
10111111111010100
11011111011011111
00011111111000101
01010101110111011
01100100110000110
00001111111011110
11011011101011011
10111101110100001
10011011110000111
01101011111011110
11001111001001110
11001111111000100
11111110110001001
01111011111111101
11101011010001100
10001111110001111
11011101110110111
01011011111011101
11111101110100110
11111101110101100
00100101011000101
01111101111000111
10000001110011001
00011111111100000
10111101110001011
01011101011101001
10001111111100010
11001001111001101
00001011110011100
10011111011001011
11111111011101101
01011100011010101
01001101111001011
11011111111110011
11011101110101100
11011101111001011
01111101111011101
10101101111001111
00111011010010110
10011111100010100
10011010111000011
10011111110101011
01011001111011010
11011111010010011
11101101010001010
01101011110000000
01111111011000000
11011101010101000
00110101110101001
10111011010010100
00110101011000100
10101101111010010
00011001111000110
11001011110010000
11111001010000011
01111101110101111
11011010111001110
10101111011101010
10101101111011100
11011111110000010
11011101110010111
01111101110111110
01011101111001001
10011001110100110
01111101110000000
01011111110100101
11011001111000100
10010001111011111
00111001110001111
11111001111001101
10011111111101001
01101111000000100
01001001110000011
01011100111000010
01101001110001101
10011001110001010
01101100010001010
10001111000011001
11001111010001101
01110111010001110
10111101110010111
11001001110010101
11011101110001111
01111101111011110
11111001110101010
01001011111001100
01110101110011101
01001011111011101
11001111111100100
01101101110010101
11111011111001110
11101101111000110
11110101111001001
11101001111000101
01111111010101101
11111001110000011
01111101111010001
01010000110100111
11101111110011011
00111101111000101
11111101111011110
00011101110110100
11100011100000011
01001101110011110
01101101111101101
01110001110111110
11011101111000011
11111101110010101
01000011111001101
11011101011101111
01011111111000011
11001111000010100
11110101111010111
11011101110000101
01011101111010110
01011101110110100
10111111111011101
11101101010010110
01011111110000100
01011001110001110
01111011110010100
11111101110001001
00111111111111101
11011101010101100
01010001110111001
11011101010000011
01111111011000011
01110111110001111
01101011110011101
11101101110001101
11111011110000100
00011100011001110
01111011110011101
00011001110010001
01100101111010010
01101101111010100
00011101110001100
11010111110010001
10010001111011101
11111101010001101
11011111011000100
11011101011001011
11110001110111100
00000001010011101
11111101110011111
00011101111010001
11011101110110001
10101101111010101
11111111110000110
01101001110001100
11110101110100111
01100011111000010
00110111110111010
10111101110000101
10011101110100011
11101001010010100
11110111011011100
01100101110000101
00101101010111110
10111001010001011
10011001111101100
01011111011001110
01111101001011000
11011101100001111
11111111111000010
10101111110000101
00011111110010000
01001101110100110
11010111110001000
11111111110000100
00110111110010101
01111111100101100
11110110111100100
11011110011000000
11011001111100100
11111011010110011
01101111110000100
10111001111010010
00111011010001111
11111111110001011
11011011010010100
01010101010011000
10010101111011001
01111101011011110
01000110110100110
11010011110010101
00100001010101001
11011101111001100
01101011011000101
00011011110001111
11110111111110001
10111110111010110
01100101011011000
01011101110000001
01011111111010010
10110001110000110
01110101110000100
01010101110001011
01111001101010010
01110111011010111
10011111111111001
11110011110001001
11110111111011000
01011111111110100
01001111111101100
11001111110001101
01011111110111100
01011100111010001
10001001110011000
11011101111000010
00001101111101111
11111111011001001
01010101111001001
01000101001100011
01000001111001000
00111101110001101
11110101110001011
01111001111000001
01101111110000111
01001101111011101
00011101111000101
01101000110011100
00101101110001011
01101101111011110
10111101110101001
10001111110001110
11111101011111101
01011111111001101
11110100010011001
01111111111000111
11000101110000100
01001111110010101
00110101011000100
10110101111001111
00001101110001101
01111111110010101
01001101010100011
10010101111001110
11000111111010010
11010001101111000
00101101111001001
11010101010011101
10101101110000001
11101001010001101
11001111110011001
11011111110000111
11010101110101100
10111111010000001
11100101110101101
11011011110001101
01011111110001011
01001101110001101
10011101111011101
01011111010001011
10011111110011111
11111101111111000
00001001010010010
11000001100100011
10001011110000001
01101011011111111
11011101110110010
00111111010111011
01010101110010101
01011101111000001
11010011011001110
11011001010001101
11110111010000100
11111001111000011
11011111110001101
11011111110100000
00001101111100100
01011111111000111
01001111111100110
01110101111001101
11011011111001001
10010101111010001
01111101111110001
11011101111100001
01101101111000110
00111111111000010
11010101111000111
00111101011101101
01011001111001101
11110111110100101
10011101110000010
11111101110001001
11111101011000110
00010101110111100
11101011110110101
01011111111000011
11111101110001010
01111001100010111
01011111111100111
10001101011000100
00011011101001101
01001111111010100
01010111011001001
11011101111001101
00111111011011010
01001011111110001
01100101011000011
11010101010000100
11111001110001110
01011111011001010
11100111110001110
10110100111000100
11111011111111110
01101101100010101
01011001111000011
01011111110111110
10011101110001111
01101101010000100
00110101010001001
10111101110001100
11001111111011000
11111111011000101
00111011111001100
11101111110101000
11001101110011101
11111101110100110
11011110011001011
11011011110011101
01011010110000100
01011101110001010
01111001111010000
10011111110000101
01111001011001111
11001111110000100
11111010110001111
11101001111010000
01110111111100101
11101001101101101
00111101110000101
11111111110001101
01101101111101100
11101111110010111
11010111111000110
10011101110000101
11101101010000101
01011101111001101
01011111011111111
11011001111000101
00001111111001111
01101110110111111
10011111111100001
10001011111000100
11111101111101111
11001101011111110
11101101010100100
00001101110001100
01101011111101010
11000111010001001
11001010110101001
01001001110001001
11101011011111111
11010001011011111
11010101110100100
11111101111001001
11111001110010111
01011110010100010
01011111110000001
01100111110000101
11011101111011011
11011101011001101
11010111110001110
11011001111010100
00111011110001100
10011111110010001
11111101111000110
11111011010010011
01101101110011110
11111111111101000
01000001111110111
11110110111000110
00111011111000010
11111001011001100
11111101110001101
01000101110000100
01011101111000000
11011101111001101
11011011111100001
11111101010000111
11111011011011100
01110111110010110
10101111110100101
01111111111001110
11011101111001100
01010101111100101
01011101011100011
11111111110010110
01111101101010101
10111111110101010
11101101111000001
01111101011101000
00011011110011111
00101101010100111
11001111110011111
11001000010011101
11111011111010110
10111101110000110
01011001110011111
11011101111000110
11010001111001001
01110101000011111
01011101111001101
11111101100011001
11101101011000101
11100001111100100
01100001011010111
01101101100010100
01011111111011101
01111111110000111
01101101111001110
01011111111011111
10011101010000110
11011101110010111
11101101111000001
01011101110011110
11011001111100010
11111111110010100
10001101110010110
11011001111001010
11110101110101110
10011001011110010
11101101011001011
11001111110000001
11011101011111000
11101001011011111
11011011110000101
01001001010010110
01111111011100111
01011111011001100
11001111110011111
00011101110011111
01001101111110110
11011001110111000
11000101110111100
10011101111100001
11100111110001101
11000101111011101
01101101111010001
01111100011000110
01011001010100111
11101111111000111
10101001110011101
11011101110001111
01011001011000111
11010111111001100
11011101110001000
00011011110010011
11111111110011101
01011101111001101
10001101111010111
01110011111001101
01111111110010111
10010100110001110
11001101111100111
01111101011100000
10100101110000011
00111101110001000
00010000111001110
11011101111001101
01011101110001001
11111010010001101
10011101110001111
01011101110110110
11101011111101100
11111101111001001
01110111000110011
11111111111000000
11001101111110101
01111001110100001
01111101110001100
01101111110010111
11110001011000110
11101101111011001
00111011010010110
00011111010000011
11011101101000110
01101001110001010
11110111110110111
11011001111000111
01011101111001100
01011111111001110
01101111110001100
00011111111000010
01011101111011100
01110111111001000
11111010110011101
00011111101010001
00011101111000100
01011111110000000
00111101111011100
01111111110001000
00111111110001101
00111000111101000
11111111111011111
01111011111010011
01111111101000101
11011101011001101
10111111111010100
11011111011011111
00011111111000101
01010101110111011
01100100110000110
00001111111011110
11011011101011011
10111101110100001
10011011110000111
01101011111011110
11001111001001110
11001111111000100
11111110110001001
01111011111111101
11101011010001100
10001111110001111
11011101110110111
01011011111011101
11111101110100110
11111101110101100
00100101011000101
01111101111000111
10000001110011001
00011111111100000
10111101110001011
01011101011101001
10001111111100010
11001001111001101
00001011110011100
10011111011001011
11111111011101101
01011100011010101
01001101111001011
11011111111110011
11011101110101100
11011101111001011
01111101111011101
10101101111001111
00111011010010110
10011111100010100
10011010111000011
10011111110101011
01011001111011010
11011111010010011
11101101010001010
01101011110000000
01111111011000000
11011101010101000
00110101110101001
10111011010010100
00110101011000100
10101101111010010
00011001111000110
11001011110010000
11111001010000011
01111101110101111
11011010111001110
10101111011101010
10101101111011100
11011111110000010
11011101110010111
01111101110111110
01011101111001001
10011001110100110
01111101110000000
01011111110100101
11011001111000100
10010001111011111
00111001110001111
11111001111001101
10011111111101001
01101111000000100
01001001110000011
01011100111000010
01101001110001101
10011001110001010
01101100010001010
10001111000011001
11001111010001101
01110111010001110
10111101110010111
11001001110010101
11011101110001111
01111101111011110
11111001110101010
01001011111001100
01110101110011101
01001011111011101
11001111111100100
01101101110010101
11111011111001110
11101101111000110
11110101111001001
11101001111000101
01111111010101101
11111001110000011
01111101111010001
01010000110100111
11101111110011011
00111101111000101
11111101111011110
00011101110110100
11100011100000011
01001101110011110
01101101111101101
01110001110111110
11011101111000011
11111101110010101
01000011111001101
11011101011101111
01011111111000011
11001111000010100
11110101111010111
11011101110000101
01011101111010110
01011101110110100
10111111111011101
11101101010010110
01011111110000100
01011001110001110
01111011110010100
11111101110001001
00111111111111101
11011101010101100
01010001110111001
11011101010000011
01111111011000011
01110111110001111
01101011110011101
11101101110001101
11111011110000100
00011100011001110
01111011110011101
00011001110010001
01100101111010010
01101101111010100
00011101110001100
11010111110010001
10010001111011101
11111101010001101
11011111011000100
11011101011001011
11110001110111100
00000001010011101
11111101110011111
00011101111010001
11011101110110001
10101101111010101
11111111110000110
01101001110001100
11110101110100111
01100011111000010
00110111110111010
10111101110000101
10011101110100011
11101001010010100
11110111011011100
01100101110000101
00101101010111110
10111001010001011
10011001111101100
01011111011001110
01111101001011000
11011101100001111
11111111111000010
10101111110000101
00011111110010000
01001101110100110
11010111110001000
11111111110000100
00110111110010101
01111111100101100
11110110111100100
11011110011000000
11011001111100100
11111011010110011
01101111110000100
10111001111010010
00111011010001111
11111111110001011
11011011010010100
01010101010011000
10010101111011001
01111101011011110
01000110110100110
11010011110010101
00100001010101001
11011101111001100
01101011011000101
00011011110001111
11110111111110001
10111110111010110
01100101011011000
01011101110000001
01011111111010010
10110001110000110
01110101110000100
01010101110001011
01111001101010010
01110111011010111
10011111111111001
11110011110001001
11110111111011000
01011111111110100
01001111111101100
11001111110001101
01011111110111100
01011100111010001
10001001110011000
11011101111000010
00001101111101111
11111111011001001
01010101111001001
01000101001100011
01000001111001000
00111101110001101
11110101110001011
01111001111000001
01101111110000111
01001101111011101
00011101111000101
01101000110011100
00101101110001011
01101101111011110
10111101110101001
10001111110001110
11111101011111101
01011111111001101
11110100010011001
01111111111000111
11000101110000100
01001111110010101
00110101011000100
10110101111001111
00001101110001101
01111111110010101
01001101010100011
10010101111001110
11000111111010010
11010001101111000
00101101111001001
11010101010011101
10101101110000001
11101001010001101
11001111110011001
11011111110000111
11010101110101100
10111111010000001
11100101110101101
11011011110001101
01011111110001011
01001101110001101
10011101111011101
01011111010001011
10011111110011111
11111101111111000
00001001010010010
11000001100100011
10001011110000001
01101011011111111
11011101110110010
00111111010111011
01010101110010101
01011101111000001
11010011011001110
11011001010001101
11110111010000100
11111001111000011
11011111110001101
11011111110100000
00001101111100100
01011111111000111
01001111111100110
01110101111001101
11011011111001001
10010101111010001
01111101111110001
11011101111100001
01101101111000110
00111111111000010
11010101111000111
00111101011101101
01011001111001101
11110111110100101
10011101110000010
11111101110001001
11111101011000110
00010101110111100
11101011110110101
01011111111000011
11111101110001010
01111001100010111
01011111111100111
10001101011000100
00011011101001101
01001111111010100
01010111011001001
11011101111001101
00111111011011010
01001011111110001
01100101011000011
11010101010000100
11111001110001110
01011111011001010
11100111110001110
10110100111000100
11111011111111110
01101101100010101
01011001111000011
01011111110111110
10011101110001111
01101101010000100
00110101010001001
10111101110001100
11001111111011000
11111111011000101
00111011111001100
11101111110101000
11001101110011101
11111101110100110
11011110011001011
11011011110011101
01011010110000100
01011101110001010
01111001111010000
10011111110000101
01111001011001111
11001111110000100
11111010110001111
11101001111010000
01110111111100101
11101001101101101
00111101110000101
11111111110001101
01101101111101100
11101111110010111
11010111111000110
10011101110000101
11101101010000101
01011101111001101
01011111011111111
11011001111000101
00001111111001111
01101110110111111
10011111111100001
10001011111000100
11111101111101111
11001101011111110
11101101010100100
00001101110001100
01101011111101010
11000111010001001
11001010110101001
01001001110001001
11101011011111111
11010001011011111
11010101110100100
11111101111001001
11111001110010111
01011110010100010
01011111110000001
01100111110000101
11011101111011011
11011101011001101
11010111110001110
11011001111010100
00111011110001100
10011111110010001
11111101111000110
11111011010010011
01101101110011110
11111111111101000
01000001111110111
11110110111000110
00111011111000010
11111001011001100
11111101110001101
01000101110000100
01011101111000000
11011101111001101
11011011111100001
11111101010000111
11111011011011100
01110111110010110
10101111110100101
01111111111001110
11011101111001100
01010101111100101
01011101011100011
11111111110010110
01111101101010101
10111111110101010
11101101111000001
01111101011101000
00011011110011111
00101101010100111
11001111110011111
11001000010011101
11111011111010110
10111101110000110
01011001110011111
11011101111000110
11010001111001001
01110101000011111
01011101111001101
11111101100011001
11101101011000101
11100001111100100
01100001011010111
01101101100010100
01011111111011101
01111111110000111
01101101111001110
01011111111011111
10011101010000110
11011101110010111
11101101111000001
01011101110011110
11011001111100010
11111111110010100
10001101110010110
11011001111001010
11110101110101110
10011001011110010
11101101011001011
11001111110000001
11011101011111000
11101001011011111
11011011110000101
01001001010010110
01111111011100111
01011111011001100
11001111110011111
00011101110011111
01001101111110110
11011001110111000
11000101110111100
10011101111100001
11100111110001101
11000101111011101
01101101111010001
01111100011000110
01011001010100111
11101111111000111
10101001110011101
11011101110001111
01011001011000111
11010111111001100
11011101110001000
00011011110010011
11111111110011101
01011101111001101
10001101111010111
01110011111001101
01111111110010111
10010100110001110
11001101111100111
01111101011100000
10100101110000011
00111101110001000
00010000111001110
11011101111001101
01011101110001001
11111010010001101
10011101110001111
01011101110110110
11101011111101100
11111101111001001
01110111000110011
11111111111000000
11001101111110101
01111001110100001
01111101110001100
01101111110010111
11110001011000110
11101101111011001
00111011010010110
00011111010000011
11011101101000110
01101001110001010
11110111110110111
11011001111000111
01011101111001100
01011111111001110
01101111110001100
00011111111000010
01011101111011100
01110111111001000
11111010110011101
00011111101010001
00011101111000100
01011111110000000
00111101111011100
01111111110001000
00111111110001101
00111000111101000
11111111111011111
01111011111010011
01111111101000101
11011101011001101
10111111111010100
11011111011011111
00011111111000101
01010101110111011
01100100110000110
00001111111011110
11011011101011011
10111101110100001
10011011110000111
01101011111011110
11001111001001110
11001111111000100
11111110110001001
01111011111111101
11101011010001100
10001111110001111
11011101110110111
01011011111011101
11111101110100110
11111101110101100
00100101011000101
01111101111000111
10000001110011001
00011111111100000
10111101110001011
01011101011101001
10001111111100010
11001001111001101
00001011110011100
10011111011001011
11111111011101101
01011100011010101
01001101111001011
11011111111110011
11011101110101100
11011101111001011
01111101111011101
10101101111001111

